2572372019032
2928286078435
2604700929688
2094401340451
2354909671931
2854728639585
2397136634099
2638066448071
2399308945160
2360364633955

2180957715747
2374832482524
2553911987465
2444657133510
2565899906740
2447421944666
2305433635264
2183814004095
2487519436930
2534692855436
2238224361844
2245736413528
2353792788731
2376147272448
2122206151544
2629225649611
2250299397889
2175800073739
2803150929429
2645836687439
2391482470455
2247378069596
2164336582848
2932360394993
2003480034634
1301502050709
2428811479981
2329124060562
2489785945514
2991470068147
2753365030568
2920506916462
2274158179147
2123286225846
2722753570434
2383162766419
2422166454038
2485634833761
2460435866432
2862178879666
2647485804668
2519504970131
2637853288869
2462180692536
2582173231399
2471891418956
2199537993930
2029256590906
2433661124557
2317369844070
2876696798973
2295352988279
2309838812855
2496133646092
2556723483561
2336111482511
2496852531013
2073965472748
2763165057262
2834558730721
2223154571298
2181395375383
2995751781259
2164688963936